url_path,views_total,views_unique
/privacysandbox/privacy-sandbox-demos,752,553
/privacysandbox/privacy-sandbox-demos/issues,293,138
/privacysandbox/privacy-sandbox-demos/commits,68,42
/privacysandbox/privacy-sandbox-demos/commits/main,59,30
/privacysandbox/privacy-sandbox-demos/tree/main,52,36
/privacysandbox/privacy-sandbox-demos/graphs/contributors,47,28
/privacysandbox/privacy-sandbox-demos/pulls,44,25
/privacysandbox/privacy-sandbox-demos/blob/main/CONTRIBUTING.md,41,33
/privacysandbox/privacy-sandbox-demos/milestones,35,22
/privacysandbox/privacy-sandbox-demos/pulse,34,27
