url_path,views_total,views_unique
/privacysandbox/privacy-sandbox-demos,153,108
/privacysandbox/privacy-sandbox-demos/issues,45,26
/privacysandbox/privacy-sandbox-demos/pulls,29,6
/privacysandbox/privacy-sandbox-demos/discussions,16,7
/privacysandbox/privacy-sandbox-demos/blob/main/CONTRIBUTING.md,12,11
/privacysandbox/privacy-sandbox-demos/graphs/contributors,11,6
/privacysandbox/privacy-sandbox-demos/blob/main/README.md,10,9
/privacysandbox/privacy-sandbox-demos/blob/main/services/ad-server/src/public/js/ad-server-lib.js,8,8
/privacysandbox/privacy-sandbox-demos/tree/main,8,4
/privacysandbox/privacy-sandbox-demos/blob/main/services/dsp-a/src/public/js/bidding-logic.js,6,6
